Matrix loaded from file:
6       8.000   9.000   7.000   6.000   9.000   7.000   8.000   6.000   9.000
3.000   6.000   8.000   9.000   7.000   6.000   9.000   7.000   8.000   6.000
2.000   3.000   6.000   8.000   9.000   7.000   6.000   9.000   7.000   8.000
1.000   2.000   3.000   6.000   8.000   9.000   7.000   6.000   9.000   7.000
4.000   1.000   2.000   3.000   6.000   8.000   9.000   7.000   6.000   9.000
5.000   4.000   1.000   2.000   3.000   6.000   8.000   9.000   7.000   6.000
9.000   5.000   4.000   1.000   2.000   3.000   6.000   8.000   9.000   7.000
7.000   9.000   5.000   4.000   1.000   2.000   3.000   6.000   8.000   9.000
8.000   7.000   9.000   5.000   4.000   1.000   2.000   3.000   6.000   8.000
6.000   8.000   7.000   9.000   5.000   4.000   1.000   2.000   3.000   6.000

Matrix Q:
0.335   0.313   0.179   -0.302  0.420   0.620   0.275   -0.158  -0.057  -0.046
0.167   0.440   0.291   0.067   -0.090  0.089   -0.798  0.126   0.124   -0.069
0.112   0.152   0.451   0.315   0.100   -0.401  0.107   -0.672  -0.112  0.125
0.056   0.147   0.146   0.456   0.428   -0.191  0.274   0.464   0.443   -0.199
0.223   -0.406  0.212   0.412   0.052   0.311   -0.087  0.238   -0.234  0.594
0.279   -0.118  -0.392  0.328   0.292   -0.027  -0.207  -0.068  -0.520  -0.493
0.502   -0.524  -0.032  -0.075  -0.074  0.041   -0.128  -0.278  0.578   -0.179
0.391   0.318   -0.553  -0.115  0.172   -0.317  -0.038  0.002   0.105   0.533
0.447   -0.103  0.373   -0.423  -0.112  -0.420  0.126   0.390   -0.320  -0.113
0.335   0.313   -0.117  0.350   -0.698  0.184   0.342   0.034   -0.014  -0.116

Matrix R:
17.916  17.303  16.242  13.619  11.665  12.837  14.568  17.637  19.256  21.600
0.000   7.044   7.520   9.846   5.133   4.100   1.412   1.963   2.672   3.586
-0.000  0.000   6.756   6.773   8.722   5.871   5.147   3.666   3.574   4.618
-0.000  0.000   -0.000  6.140   8.389   9.778   8.606   7.596   6.716   6.228
-0.000  0.000   -0.000  -0.000  3.481   7.174   7.678   7.895   6.648   5.197
-0.000  -0.000  -0.000  0.000   -0.000  3.723   2.621   0.298   -2.549  -0.613
-0.000  0.000   0.000   -0.000  0.000   -0.000  -5.423  -3.441  -3.164  0.257
-0.000  -0.000  0.000   -0.000  0.000   0.000   0.000   -3.561  0.448   0.341
-0.000  -0.000  -0.000  -0.000  0.000   0.000   -0.000  -0.000  2.878   -0.453
-0.000  0.000   -0.000  0.000   -0.000  -0.000  0.000   0.000   0.000   3.111